image: iceira3F.pgm
resolution: 0.050000
origin: [-42.452457, -10.219543, 0.000000]
negate: 0
occupied_thresh: 0.65
free_thresh: 0.196

